OPTION
bool:doRA2bin[1]
vint:NJetBinMin[4,7,9]
vint:NJetBinMax[6,8,99]
vint:NBJetBinMin[0,1,2,3]
vint:NBJetBinMax[0,1,2,99]
vfloat:MHTBinMin[200,500,750]
vfloat:MHTBinMax[500,750,9999]
vfloat:HTBinMin[500,800,1200,500,1200,800]
vfloat:HTBinMax[800,1200,9999,1200,9999,9999]
 vuint:NJetBins[0,0,0,0,0,0,0,0,0,0,0,0,0,0,0,0,0,0,0,0,0,0,0,0,1,1,1,1,1,1,1,1,1,1,1,1,1,1,1,1,1,1,1,1,1,1,1,1,2,2,2,2,2,2,2,2,2,2,2,2,2,2,2,2,2,2,2,2,2,2,2,2]
vuint:NBJetBins[0,0,0,0,0,0,1,1,1,1,1,1,2,2,2,2,2,2,3,3,3,3,3,3,0,0,0,0,0,0,1,1,1,1,1,1,2,2,2,2,2,2,3,3,3,3,3,3,0,0,0,0,0,0,1,1,1,1,1,1,2,2,2,2,2,2,3,3,3,3,3,3]
  vuint:MHTBins[0,0,0,1,1,2,0,0,0,1,1,2,0,0,0,1,1,2,0,0,0,1,1,2,0,0,0,1,1,2,0,0,0,1,1,2,0,0,0,1,1,2,0,0,0,1,1,2,0,0,0,1,1,2,0,0,0,1,1,2,0,0,0,1,1,2,0,0,0,1,1,2]
   vuint:HTBins[0,1,2,3,4,5,0,1,2,3,4,5,0,1,2,3,4,5,0,1,2,3,4,5,0,1,2,3,4,5,0,1,2,3,4,5,0,1,2,3,4,5,0,1,2,3,4,5,0,1,2,3,4,5,0,1,2,3,4,5,0,1,2,3,4,5,0,1,2,3,4,5]
