vstring:RA2VarNames[NJets,BTagsDeepCSV,MHT,HT]
vfloat:RA2Var0Min[1,3,5,7,9]
vfloat:RA2Var0Max[3,5,7,9,99]
vfloat:RA2Var1Min[-1,0,1,2,1]
vfloat:RA2Var1Max[0,1,2,99,99]
vfloat:RA2Var2Min[300,350,600,850]
vfloat:RA2Var2Max[350,600,850,9999]
vfloat:RA2Var3Min[300,600,1200,350,600,1200,600,1200,850,1700]
vfloat:RA2Var3Max[600,1200,9999,600,1200,9999,1200,9999,1700,9999]
vuint:RA2Var0Bins[0,0,0,0,0,0,0,0,0,0,0,0,0,0,0,0,0,0,0,0,0,0,0,0,0,0,0,0,0,0,1,1,1,1,1,1,1,1,1,1,1,1,1,1,1,1,1,1,1,1,1,1,1,1,1,1,1,1,1,1,1,1,1,1,1,1,1,1,1,1,2,2,2,2,2,2,2,2,2,2,2,2,2,2,2,2,2,2,2,2,2,2,2,2,2,2,2,2,2,2,2,2,2,2,2,2,2,2,2,2,3,3,3,3,3,3,3,3,3,3,3,3,3,3,3,3,3,3,3,3,3,3,3,3,3,3,3,3,3,3,3,3,4,4,4,4,4,4,4,4,4,4,4,4,4,4,4,4,4,4,4,4,4,4,4,4,4,4,4,4,4,4,4,4]
vuint:RA2Var1Bins[0,0,0,0,0,0,0,0,0,0,1,1,1,1,1,1,1,1,1,1,4,4,4,4,4,4,4,4,4,4,0,0,0,0,0,0,0,0,0,0,1,1,1,1,1,1,1,1,1,1,2,2,2,2,2,2,2,2,2,2,3,3,3,3,3,3,3,3,3,3,0,0,0,0,0,0,0,0,0,0,1,1,1,1,1,1,1,1,1,1,2,2,2,2,2,2,2,2,2,2,3,3,3,3,3,3,3,3,3,3,0,0,0,0,0,0,0,0,1,1,1,1,1,1,1,1,2,2,2,2,2,2,2,2,3,3,3,3,3,3,3,3,0,0,0,0,0,0,0,0,1,1,1,1,1,1,1,1,2,2,2,2,2,2,2,2,3,3,3,3,3,3,3,3]
vuint:RA2Var2Bins[0,0,0,1,1,1,2,2,3,3,0,0,0,1,1,1,2,2,3,3,0,0,0,1,1,1,2,2,3,3,0,0,0,1,1,1,2,2,3,3,0,0,0,1,1,1,2,2,3,3,0,0,0,1,1,1,2,2,3,3,0,0,0,1,1,1,2,2,3,3,0,0,0,1,1,1,2,2,3,3,0,0,0,1,1,1,2,2,3,3,0,0,0,1,1,1,2,2,3,3,0,0,0,1,1,1,2,2,3,3,0,0,1,1,2,2,3,3,0,0,1,1,2,2,3,3,0,0,1,1,2,2,3,3,0,0,1,1,2,2,3,3,0,0,1,1,2,2,3,3,0,0,1,1,2,2,3,3,0,0,1,1,2,2,3,3,0,0,1,1,2,2,3,3]
vuint:RA2Var3Bins[0,1,2,3,4,5,6,7,8,9,0,1,2,3,4,5,6,7,8,9,0,1,2,3,4,5,6,7,8,9,0,1,2,3,4,5,6,7,8,9,0,1,2,3,4,5,6,7,8,9,0,1,2,3,4,5,6,7,8,9,0,1,2,3,4,5,6,7,8,9,0,1,2,3,4,5,6,7,8,9,0,1,2,3,4,5,6,7,8,9,0,1,2,3,4,5,6,7,8,9,0,1,2,3,4,5,6,7,8,9,1,2,4,5,6,7,8,9,1,2,4,5,6,7,8,9,1,2,4,5,6,7,8,9,1,2,4,5,6,7,8,9,1,2,4,5,6,7,8,9,1,2,4,5,6,7,8,9,1,2,4,5,6,7,8,9,1,2,4,5,6,7,8,9]
